127
0;656;1556;1352;1660;991;418;1874;1396;1233;1276;1044;844;883;836;259;1476;2132;1611;1148;1560;1415;1401;1249;3321;2284;1774;3764;3792;1453;1628;4114;3528;1888;1165;1037;883;2320;2132;1724;1069;2320;1648;2167;2498;4153;3268;3535;3603;1050;1069;2091;3411;2065;3266;1982;1640;2624;3235;2678;2698;2864;9304;2708;5833;3395;2678;3603;5020;4537;4158;1870;2805;2737;4547;3506;2391;3381;2311;2479;4915;6808;6827;4697;7345;7488;7446;7631;6089;2348;2705;6406;4778;4518;4277;6704;5926;12003;7540;2138;11020;10722;2645;7007;591;883;9752;1094;6433;5851;6564;6149;3899;812;1100;2422;4111;3642;8622;820;1556;3640;4721;2345;5096;5911;6612;
656;0;1870;1995;1165;1611;844;2490;1944;1357;1800;1577;778;1281;1485;624;2132;2788;2252;1804;2216;2065;2029;1870;3601;2593;2207;3945;4079;1755;2116;4417;3778;1972;905;1037;883;2498;2231;1560;1296;2320;1712;1628;1913;3506;2650;2881;2964;676;418;1660;2767;1415;2786;1411;984;2705;3612;3036;2982;3185;9953;2767;5559;3044;3274;4247;5674;5179;4772;2509;3443;3387;5199;4153;3044;3994;2909;3044;5514;7377;7373;5300;7923;8070;8037;8228;6072;2690;2934;6406;4292;3862;3964;7341;5908;11976;7475;2188;11489;11237;2100;7315;1194;1512;9131;1740;7056;6422;5908;5502;3787;1357;997;2793;4697;2993;9277;1050;956;3856;4571;1859;5179;6492;6165;
1556;1870;0;1411;1972;1142;1142;1434;812;624;705;2228;1165;2302;1352;1815;1774;2207;1508;1615;1755;1525;1281;1182;4640;3623;2993;5173;5084;2872;2767;5373;4873;3411;2678;2593;2438;3776;3642;3274;2575;3861;3185;3481;3719;4666;3642;4203;4086;1547;2091;2052;3959;3071;3088;2388;2593;1249;1743;1165;1142;1322;9182;1357;4884;2824;1902;3123;4635;3967;3364;1640;2334;2457;4512;3642;2554;3829;2982;3266;5341;7311;7427;5109;6279;6433;6434;6647;4697;820;1160;4989;6152;5291;5800;5992;7447;13515;6187;928;11812;11373;3944;5466;1148;1194;10753;1357;5616;4772;7175;6580;2730;905;1100;928;4645;4217;8190;820;2200;5020;6277;2380;3612;6384;8034;
1352;1995;1411;0;2767;418;1233;580;624;1660;705;1211;1770;1512;518;1508;366;883;259;366;348;116;164;232;3448;2509;1834;4060;3856;1944;1577;4114;3699;2617;2391;2100;2002;2803;2788;2786;1859;3095;2460;3489;3840;5423;4477;4840;4856;2157;2391;3062;4681;3411;4222;3155;2971;2645;2482;2052;2252;2302;8078;2757;6290;4119;1396;2252;3692;3185;2824;518;1453;1396;3323;2348;1211;2438;1577;1874;3971;5934;6032;3740;6052;6190;6134;6311;6018;1834;2388;6287;6028;5851;5341;5352;6489;12487;7522;2331;10402;9976;3964;6230;820;492;11102;259;5088;4577;7876;7411;4140;778;1920;1811;3248;4924;7300;1401;2793;3876;5544;3371;4858;5009;7803;
1660;1165;1972;2767;0;2348;1556;3121;2460;1352;2296;2690;997;2436;2334;1743;3009;3640;2993;2698;3064;2864;2737;2575;4756;3757;3364;5064;5234;2920;3256;5574;4924;3082;1920;2167;2025;3633;3339;2546;2460;3371;2824;2029;2091;2717;1724;2231;2138;624;883;518;1995;1322;1624;418;935;2216;3573;3011;2822;3071;10845;2231;4462;1920;3787;4924;6416;5824;5290;3225;4104;4130;6087;5084;3944;5025;3967;4140;6567;8468;8487;6346;8249;8404;8406;8619;5245;2678;2678;5598;4558;3321;4600;7916;6867;12890;6570;1740;12646;12374;2391;6994;1972;2287;8803;2546;7564;6743;5220;4676;2900;1995;905;2824;5768;2252;10019;1396;418;4989;5413;696;4524;7569;6471;
991;1611;1142;418;2348;0;820;883;518;1281;492;1160;1352;1357;259;1182;705;1296;656;478;733;518;418;259;3535;2544;1888;4104;3967;1870;1648;4247;3776;2498;2100;1859;1740;2767;2698;2562;1688;2973;2311;3155;3489;5009;4060;4432;4441;1740;1995;2650;4268;3024;3815;2737;2575;2391;2490;1995;2132;2228;8496;2498;5971;3740;1688;2645;4101;3573;3168;905;1834;1804;3740;2757;1615;2805;1870;2138;4348;6302;6384;4119;6358;6501;6456;6640;5828;1724;2228;6112;5741;5453;5136;5729;6467;12504;7323;2025;10722;10324;3633;6279;418;116;10738;232;5447;4869;7468;6995;3856;366;1508;1740;3603;4512;7710;991;2380;3937;5430;2957;4710;5381;7548;
418;844;1142;1233;1556;820;0;1672;1100;836;956;1322;591;1254;778;676;1453;2091;1476;1142;1512;1322;1233;1069;3684;2647;2091;4153;4150;1834;1913;4464;3899;2302;1547;1453;1296;2717;2544;2132;1476;2737;2065;2460;2757;4190;3250;3612;3623;935;1194;1913;3448;2231;3095;1930;1770;2216;2843;2279;2284;2457;9298;2302;5514;3134;2438;3460;4921;4385;3944;1724;2645;2624;4537;3528;2388;3489;2460;2670;5036;6961;7007;4812;7079;7226;7195;7388;5688;1944;2287;6001;5109;4640;4670;6531;6341;12418;7146;1740;11261;10926;2936;6602;418;742;9965;997;6230;5577;6648;6178;3528;518;812;2025;4254;3692;8530;418;1560;4021;5138;2200;4681;6052;6963;
1874;2490;1434;580;3121;883;1672;0;676;1870;836;1774;2132;2091;1069;2055;778;844;366;935;676;591;478;624;3897;3009;2334;4537;4277;2504;2075;4512;4153;3185;2957;2678;2575;3339;3347;3365;2438;3662;3036;4035;4372;5824;4845;5272;5249;2544;2864;3345;5088;3899;4462;3528;3443;2554;2052;1712;1982;1972;7785;2670;6264;4255;820;1804;3297;2717;2284;259;984;1037;3082;2216;1182;2479;1834;2157;3945;5917;6059;3713;5486;5626;5577;5759;5773;1577;2167;6019;6598;6311;5920;4858;7003;12965;7281;2345;10489;10000;4512;5729;1296;991;11620;820;4565;4004;8304;7796;4066;1160;2228;1508;3299;5337;6897;1724;3208;4343;6105;3668;4565;4989;8380;
1396;1944;812;624;2460;518;1100;676;0;1194;164;1672;1485;1874;778;1624;991;1396;696;905;956;733;478;418;4020;3044;2380;4605;4441;2388;2132;4710;4265;3016;2552;2345;2216;3283;3216;3051;2200;3489;2824;3548;3856;5173;4184;4640;4596;1902;2284;2670;4441;3321;3787;2872;2853;2025;1972;1485;1648;1724;8461;2138;5694;3601;1352;2466;3967;3364;2864;844;1648;1712;3748;2843;1743;3018;2200;2498;4529;6500;6616;4298;5979;6126;6096;6290;5397;1233;1770;5669;6175;5694;5626;5475;6984;13015;6899;1740;11007;10561;4026;5760;812;624;11059;656;5152;4477;7663;7136;3528;591;1560;1233;3835;4693;7562;1069;2575;4432;5946;2993;4247;5572;8004;
1233;1357;624;1660;1352;1281;836;1870;1194;0;1037;2132;591;2091;1396;1476;1985;2533;1834;1740;2002;1774;1577;1434;4518;3481;2909;4989;4981;2670;2715;5291;4734;3116;2231;2228;2065;3550;3364;2864;2302;3535;2872;2920;3132;4060;3044;3582;3480;935;1512;1485;3345;2460;2593;1770;1985;1396;2322;1743;1640;1859;9655;1476;4731;2460;2460;3642;5151;4518;3950;2025;2831;2906;4935;3999;2869;4086;3134;3381;5626;7583;7663;5397;6902;7056;7056;7267;4856;1396;1577;5173;5587;4668;5322;6580;7147;13226;6311;905;11983;11602;3371;5964;1069;1276;10128;1512;6217;5396;6567;5992;2698;928;478;1525;4884;3603;8733;418;1577;4858;5889;1811;3876;6661;7481;
1276;1800;705;705;2296;492;956;836;164;1037;0;1648;1322;1815;742;1512;1069;1525;820;935;1050;820;580;478;4026;3036;2380;4596;4456;2348;2138;4733;4268;2957;2438;2252;2116;3250;3166;2957;2132;3427;2757;3413;3713;5009;4020;4477;4432;1740;2132;2509;4277;3168;3631;2708;2698;1944;2025;1512;1640;1740;8619;2055;5587;3460;1512;2629;4130;3528;3024;991;1811;1870;3899;2982;1870;3132;2279;2567;4653;6621;6728;4421;6126;6273;6246;6442;5352;1233;1740;5631;6049;5534;5530;5637;6949;12992;6850;1628;11107;10674;3890;5818;705;580;10906;676;5311;4622;7500;6972;3435;464;1396;1254;3945;4529;7725;905;2413;4429;5880;2831;4222;5694;7888;
1044;1577;2228;1211;2690;1160;1322;1774;1672;2132;1648;0;1870;418;905;956;1044;1577;1411;844;1160;1182;1357;1296;2413;1396;778;2952;2864;733;591;3166;2645;1411;1485;1094;1069;1611;1577;1688;733;1888;1276;2645;3044;5036;4222;4377;4513;2091;1982;3134;4306;2831;4306;2982;2490;3443;3640;3155;3285;3387;8480;3541;6837;4432;2562;3155;4417;4073;3871;1628;2460;2279;3776;2708;1712;2447;1352;1467;3945;5800;5801;3735;7136;7267;7190;7348;6918;2881;3364;7215;4989;5272;4177;6246;5311;11344;8398;3009;9976;9684;3088;7418;1094;1069;10267;1037;6055;5694;7355;7022;4829;1322;2116;2900;3123;4518;7957;1724;2533;2793;4334;3381;5838;4915;6693;
844;778;1165;1770;997;1352;591;2132;1485;591;1322;1870;0;1724;1357;1037;2025;2647;1995;1724;2075;1870;1740;1577;4158;3123;2617;4575;4631;2284;2460;4955;4358;2645;1672;1724;1560;3123;2900;2320;1870;3036;2391;2331;2554;3692;2717;3155;3116;418;928;1322;2957;1913;2504;1396;1434;1930;2900;2320;2231;2447;9849;1995;4989;2562;2831;3937;5423;4845;4343;2228;3116;3134;5093;4099;2957;4079;3051;3256;5626;7553;7596;5402;7388;7540;7526;7730;5332;1972;2167;5660;5000;4217;4738;6960;6644;12720;6757;1415;11837;11512;2786;6555;991;1296;9628;1556;6628;5880;6178;5665;3088;997;259;2091;4845;3208;9028;418;1094;4462;5341;1615;4409;6643;6892;
883;1281;2302;1512;2436;1357;1254;2091;1874;2091;1815;418;1724;0;1100;705;1411;1982;1740;1160;1525;1508;1640;1547;2438;1401;928;2900;2909;580;844;3231;2647;1142;1069;676;656;1476;1352;1296;348;1615;956;2228;2629;4668;3889;3999;4158;1870;1660;2909;3945;2447;4060;2690;2132;3460;3840;3323;3411;3541;8882;3550;6712;4254;2900;3558;4834;4480;4254;1975;2843;2678;4190;3121;2129;2831;1740;1815;4306;6126;6105;4101;7514;7647;7575;7738;6938;3024;3460;7247;4588;4873;3829;6656;5151;11214;8400;2993;10210;9957;2670;7632;1160;1249;9849;1296;6456;6059;6960;6647;4777;1415;1982;3064;3476;4150;8375;1672;2231;2767;4073;3132;5905;5255;6316;
836;1485;1352;518;2334;259;778;1069;778;1396;742;905;1357;1100;0;991;676;1322;778;366;742;580;591;464;3297;2296;1648;3856;3735;1611;1415;4021;3535;2240;1888;1624;1512;2509;2438;2322;1434;2715;2055;2973;3321;4946;4021;4348;4385;1712;1888;2678;4203;2900;3856;2705;2466;2593;2749;2252;2380;2482;8525;2698;6121;3835;1888;2767;4190;3701;3339;1037;1972;1902;3764;2749;1611;2730;1740;1985;4277;6217;6281;4051;6555;6695;6644;6823;6049;1975;2466;6338;5530;5347;4894;5870;6210;12249;7540;2200;10587;10213;3448;6538;366;164;10584;259;5606;5073;7382;6938;4035;478;1547;1995;3510;4441;7796;1050;2320;3692;5173;2973;4946;5301;7322;
259;624;1815;1508;1743;1182;676;2055;1624;1476;1512;956;1037;705;991;0;1577;2228;1766;1254;1672;1556;1577;1434;3123;2091;1628;3541;3597;1249;1512;3925;3321;1640;928;778;624;2091;1888;1467;836;2065;1396;1982;2334;4119;3274;3480;3582;1165;1037;2207;3381;1968;3365;2025;1577;2872;3489;2934;2957;3123;9350;2952;6016;3548;2869;3740;5127;4676;4331;2025;2957;2864;4605;3550;2460;3371;2284;2422;4889;6755;6756;4676;7540;7681;7633;7813;6329;2606;2964;6648;4561;4429;4026;6850;5674;11752;7772;2380;10904;10632;2457;7264;812;1069;9600;1249;6595;6052;6492;6112;4119;1050;1296;2678;4073;3603;8719;1069;1577;3425;4462;2438;5347;5869;6381;
1476;2132;1774;366;3009;705;1453;778;991;1985;1069;1044;2025;1411;676;1577;0;656;418;328;116;259;518;591;3134;2231;1556;3764;3528;1755;1296;3776;3387;2447;2391;2055;1982;2567;2593;2708;1755;2920;2320;3528;3899;5616;4697;5009;5057;2388;2544;3339;4873;3535;4512;3381;3116;3011;2793;2391;2606;2645;7850;3123;6648;4445;1525;2179;3550;3112;2843;591;1434;1296;3088;2075;935;2100;1211;1508;3642;5598;5685;3413;6102;6236;6165;6330;6381;2188;2749;6647;5992;5992;5221;5291;6225;12193;7885;2690;10043;9628;3994;6505;1037;733;11165;478;5064;4653;8040;7610;4504;1069;2200;2157;2902;5109;7147;1688;2993;3573;5347;3640;5213;4676;7726;
2132;2788;2207;883;3640;1296;2091;844;1396;2533;1525;1577;2647;1982;1322;2228;656;0;705;984;580;778;956;1100;3268;2504;1870;3945;3603;2216;1628;3805;3528;2909;3009;2650;2593;2920;3016;3266;2311;3365;2822;4158;4537;6268;5341;5665;5707;3024;3200;3945;5525;4190;5105;4021;3773;3381;2831;2544;2824;2803;7206;3497;7079;4982;1254;1577;2900;2498;2322;591;935;705;2447;1467;348;1640;1069;1396;3134;5105;5231;2902;5587;5713;5626;5779;6613;2422;3011;6854;6567;6648;5713;4676;6462;12334;8120;3134;9649;9175;4619;6380;1672;1352;11798;1094;4477;4177;8696;8261;4894;1660;2803;2348;2460;5762;6492;2284;3642;3735;5726;4254;5396;4177;8258;
1611;2252;1508;259;2993;656;1476;366;696;1834;820;1411;1995;1740;778;1766;418;705;0;580;328;232;259;418;3550;2647;1972;4182;3940;2138;1712;4184;3805;2822;2645;2345;2252;2973;2982;3024;2088;3299;2678;3748;4099;5665;4710;5088;5096;2391;2645;3268;4924;3668;4417;3387;3225;2708;2380;1995;2231;2252;7858;2822;6389;4277;1160;1995;3445;2927;2567;259;1194;1148;3112;2167;1050;2322;1556;1870;3835;5804;5920;3603;5801;5938;5880;6055;6019;1815;2391;6277;6279;6105;5569;5093;6640;12612;7526;2436;10318;9866;4222;6087;1069;742;11362;518;4829;4331;8124;7649;4216;997;2129;1770;3140;5168;7054;1611;3036;3991;5739;3582;4834;4877;8045;
1148;1804;1615;366;2698;478;1142;935;905;1740;935;844;1724;1160;366;1254;328;984;580;0;418;348;518;492;3116;2157;1485;3713;3535;1577;1233;3805;3364;2252;2091;1774;1688;2438;2422;2447;1508;2730;2100;3216;3582;5290;4377;4681;4733;2075;2216;3044;4547;3208;4222;3064;2788;2864;2831;2380;2554;2624;8172;2973;6447;4190;1740;2490;3876;3425;3123;820;1724;1611;3411;2388;1254;2365;1396;1660;3913;5856;5926;3686;6370;6506;6442;6613;6287;2138;2670;6566;5712;5665;4989;5602;6129;12136;7785;2504;10250;9862;3686;6591;733;464;10850;259;5363;4906;7712;7284;4334;812;1913;2132;3151;4782;7475;1411;2670;3535;5178;3339;5151;4939;7468;
1560;2216;1755;348;3064;733;1512;676;956;2002;1050;1160;2075;1525;742;1672;116;580;328;418;0;232;478;580;3225;2334;1660;3861;3612;1870;1401;3856;3480;2562;2498;2167;2091;2678;2708;2822;1870;3036;2436;3631;3999;5688;4761;5088;5127;2447;2624;3381;4946;3623;4549;3443;3200;2982;2708;2320;2546;2575;7785;3095;6637;4462;1411;2075;3460;3009;2730;478;1322;1194;3024;2025;883;2091;1249;1556;3625;5587;5684;3395;5988;6121;6052;6217;6329;2129;2698;6591;6105;6078;5337;5187;6329;12289;7834;2678;10057;9628;4099;6406;1094;778;11266;518;4955;4537;8120;7681;4482;1100;2240;2091;2900;5183;7061;1724;3062;3668;5460;3686;5152;4663;7841;
1415;2065;1525;116;2864;518;1322;591;733;1774;820;1182;1870;1508;580;1556;259;778;232;348;232;0;259;348;3371;2447;1770;3991;3773;1913;1512;4026;3623;2593;2422;2116;2025;2757;2757;2793;1856;3071;2447;3533;3890;5510;4571;4921;4946;2252;2466;3168;4768;3480;4331;3250;3044;2757;2554;2138;2348;2391;7980;2869;6406;4233;1392;2188;3612;3123;2788;478;1401;1322;3223;2240;1100;2322;1467;1766;3856;5818;5916;3625;6028;6165;6105;6277;6121;1930;2490;6388;6052;5926;5337;5295;6434;12420;7626;2447;10287;9860;4006;6287;905;580;11156;328;5041;4561;7956;7500;4254;883;2025;1902;3132;5009;7220;1508;2881;3805;5514;3476;4955;4894;7814;
1401;2029;1281;164;2737;418;1233;478;478;1577;580;1357;1740;1640;591;1577;518;956;259;518;478;259;0;164;3612;2670;1995;4222;4020;2091;1740;4277;3862;2757;2479;2207;2100;2957;2934;2900;1985;3235;2593;3558;3899;5416;4456;4845;4845;2138;2413;3009;4676;3443;4158;3134;2993;2504;2320;1888;2091;2138;8116;2617;6165;4026;1296;2228;3692;3155;2757;492;1415;1396;3371;2422;1296;2552;1724;2025;4074;6042;6149;3843;5964;6105;6055;6236;5862;1672;2231;6129;6121;5870;5463;5311;6647;12648;7366;2207;10532;10094;4035;6073;836;518;11153;348;5032;4482;7881;7398;4004;742;1870;1648;3365;4921;7300;1352;2788;4040;5688;3323;4697;5115;7909;
1249;1870;1182;232;2575;259;1069;624;418;1434;478;1296;1577;1547;464;1434;591;1100;418;492;580;348;164;0;3609;2645;1975;4203;4026;2025;1724;4293;3856;2678;2345;2088;1975;2906;2864;2786;1888;3155;2504;3411;3748;5252;4293;4681;4681;1975;2252;2853;4512;3283;4006;2971;2831;2422;2348;1888;2065;2132;8275;2533;6059;3890;1434;2391;3856;3317;2909;656;1577;1560;3528;2567;1434;2670;1800;2091;4201;6165;6264;3971;6105;6246;6200;6383;5813;1648;2188;6087;5988;5707;5356;5471;6604;12622;7315;2100;10632;10208;3889;6121;676;366;10997;259;5187;4618;7717;7234;3913;580;1712;1640;3480;4757;7464;1194;2624;4026;5612;3166;4666;5240;7785;
3321;3601;4640;3448;4756;3535;3684;3897;4020;4518;4026;2413;4158;2438;3297;3123;3134;3268;3550;3116;3225;3371;3612;3609;0;1037;1648;705;478;1874;1888;820;259;1740;2909;2593;2730;1160;1512;2447;2311;1688;1975;3662;4051;6464;5917;5759;6059;4255;3890;5261;5828;4298;6350;4921;4182;5855;5926;5496;5665;5741;8204;5952;9137;6644;4518;4529;5225;5252;5402;3668;4158;3856;4216;3365;3123;2670;2240;1944;3425;4693;4504;3321;8532;8634;8496;8596;9332;5252;5762;9628;4840;6346;3480;7200;3235;9074;10810;5411;8105;8034;3889;9619;3506;3460;10417;3364;7195;7259;8379;8301;7212;3735;4417;5249;2715;5971;8255;4101;4462;478;2900;5437;8243;4026;6028;
2284;2593;3623;2509;3757;2544;2647;3009;3044;3481;3036;1396;3123;1401;2296;2091;2231;2504;2647;2157;2334;2447;2670;2645;1037;0;676;1560;1508;844;935;1834;1254;935;1985;1624;1743;518;820;1660;1296;1160;1100;2909;3321;5656;5021;4955;5209;3235;2909;4254;4982;3435;5367;3950;3256;4827;4989;4529;4676;4768;8392;4922;8107;5626;3706;3945;4895;4768;4778;2803;3435;3166;4006;3011;2447;2438;1628;1434;3609;5194;5088;3448;8004;8120;8007;8133;8306;4268;4760;8607;4600;5655;3448;6847;3994;9978;9780;4377;8968;8807;3223;8733;2482;2460;10129;2391;6763;6648;7731;7562;6175;2717;3381;4277;2793;5148;8196;3064;3487;1396;3250;4445;7234;4409;6055;
1774;2207;2993;1834;3364;1888;2091;2334;2380;2909;2380;778;2617;928;1648;1628;1556;1870;1972;1485;1660;1770;1995;1975;1648;676;0;2228;2091;580;259;2388;1888;1142;1815;1401;1467;1050;1182;1724;991;1547;1160;2900;3317;5514;4782;4829;5025;2793;2575;3835;4806;3274;4988;3612;3011;4217;4315;3862;4020;4104;8202;4317;7600;5168;3044;3371;4439;4233;4177;2132;2805;2554;3640;2593;1859;2138;1142;1069;3506;5255;5210;3317;7427;7548;7446;7583;7689;3609;4114;7982;4928;5631;3913;6358;4668;10653;9172;3787;9282;9039;3285;8057;1870;1811;10370;1724;6236;6042;7722;7470;5606;2091;2869;3612;2670;4997;7858;2498;3151;2052;3856;4060;6594;4409;6501;
3764;3945;5173;4060;5064;4104;4153;4537;4605;4989;4596;2952;4575;2900;3856;3541;3764;3945;4182;3713;3861;3991;4222;4203;705;1560;2228;0;676;2320;2482;905;464;1982;3155;2909;3062;1453;1724;2593;2705;1755;2240;3712;4066;6505;6059;5804;6149;4618;4182;5580;5917;4432;6613;5178;4391;6358;6542;6089;6236;6329;8733;6450;9504;6979;5187;5234;5917;5956;6105;4317;4847;4549;4894;4066;3815;3364;2934;2645;4006;5088;4845;3925;9237;9338;9199;9298;9838;5828;6316;10145;4477;6279;3036;7891;2533;8429;11300;5893;8130;8164;3856;10267;4026;4020;10028;3950;7895;7964;8255;8258;7660;4268;4834;5838;3347;6033;8878;4571;4733;232;2284;5722;8786;4504;5502;
3792;4079;5084;3856;5234;3967;4150;4277;4441;4981;4456;2864;4631;2909;3735;3597;3528;3603;3940;3535;3612;3773;4020;4026;478;1508;2091;676;0;2348;2320;348;366;2207;3381;3071;3208;1628;1972;2902;2788;2116;2447;4101;4482;6906;6380;6201;6512;4733;4368;5739;6281;4757;6827;5397;4653;6307;6320;5908;6089;6156;8057;6406;9613;7122;4858;4768;5341;5437;5649;4040;4462;4150;4293;3528;3425;2805;2546;2231;3339;4429;4203;3266;8715;8810;8662;8749;9780;5674;6195;10073;5109;6755;3692;7308;3036;8733;11263;5870;7667;7631;4304;9978;3959;3897;10674;3787;7341;7488;8770;8721;7677;4182;4889;5665;2708;6417;8222;4565;4939;492;2957;5914;8678;3829;6177;
1453;1755;2872;1944;2920;1870;1834;2504;2388;2670;2348;733;2284;580;1611;1249;1755;2216;2138;1577;1870;1913;2091;2025;1874;844;580;2320;2348;0;676;2678;2075;696;1249;844;935;905;844;1160;464;1165;624;2320;2737;4955;4254;4265;4477;2391;2088;3413;4255;2715;4537;3132;2479;4040;4360;3861;3967;4086;8776;4130;7264;4782;3280;3776;4935;4670;4537;2345;3134;2920;4182;3123;2279;2708;1672;1640;4086;5818;5759;3897;7803;7929;7841;7990;7518;3573;4026;7827;4417;5053;3497;6823;4600;10652;8980;3573;9761;9555;2708;8144;1724;1770;9816;1766;6668;6381;7144;6902;5352;1975;2544;3603;3250;4439;8398;2252;2668;2188;3601;3612;6480;4981;6052;
1628;2116;2767;1577;3256;1648;1913;2075;2132;2715;2138;591;2460;844;1415;1512;1296;1628;1712;1233;1401;1512;1740;1724;1888;935;259;2482;2320;676;0;2606;2132;1322;1834;1415;1453;1296;1396;1834;997;1755;1296;2957;3371;5501;4733;4824;4997;2668;2504;3712;4782;3268;4877;3528;2973;3999;4060;3612;3776;3856;8124;4101;7427;5021;2788;3151;4265;4026;3944;1874;2562;2320;3506;2447;1640;2052;997;997;3481;5282;5261;3283;7200;7322;7225;7366;7464;3364;3876;7754;5088;5663;4119;6166;4928;10909;8952;3581;9396;9122;3364;7798;1660;1577;10491;1476;6028;5804;7754;7471;5407;1870;2708;3364;2647;4982;7722;2311;3071;2302;4101;3950;6358;4417;6695;
4114;4417;5373;4114;5574;4247;4464;4512;4710;5291;4733;3166;4955;3231;4021;3925;3776;3805;4184;3805;3856;4026;4277;4293;820;1834;2388;905;348;2678;2606;0;705;2554;3728;3413;3548;1975;2320;3250;3123;2460;2793;4445;4824;7251;6728;6546;6859;5066;4710;6077;6628;5105;7170;5741;5000;6604;6561;6165;6358;6416;7888;6704;9941;7457;5057;4889;5367;5514;5773;4268;4635;4317;4298;3601;3603;2869;2737;2413;3235;4190;3940;3185;8782;8872;8715;8793;10071;5942;6473;10359;5382;7091;3940;7322;3016;8563;11558;6175;7325;7304;4642;10184;4258;4182;10934;4060;7382;7593;9098;9059;7989;4476;5213;5926;2670;6763;8130;4877;5282;778;3123;6256;8955;3640;6380;
3528;3778;4873;3699;4924;3776;3899;4153;4265;4734;4268;2645;4358;2647;3535;3321;3387;3528;3805;3364;3480;3623;3862;3856;259;1254;1888;464;366;2075;2132;705;0;1870;3051;2757;2900;1296;1628;2552;2498;1755;2116;3740;4119;6546;6033;5841;6157;4439;4051;5433;5926;4408;6506;5073;4317;6081;6178;5744;5908;5988;8336;6177;9327;6823;4777;4782;5453;5496;5656;3925;4417;4114;4432;3603;3381;2900;2498;2200;3581;4760;4547;3489;8776;8877;8737;8835;9560;5496;6001;9860;4768;6389;3371;7427;2982;8816;11035;5631;8030;7998;3938;9877;3735;3699;10340;3609;7432;7512;8404;8356;7424;3967;4618;5496;2900;6059;8436;4317;4618;232;2715;5599;8480;4130;5889;
1888;1972;3411;2617;3082;2498;2302;3185;3016;3116;2957;1411;2645;1142;2240;1640;2447;2909;2822;2252;2562;2593;2757;2678;1740;935;1142;1982;2207;696;1322;2554;1870;0;1182;935;1094;580;259;733;836;478;259;1982;2391;4756;4177;4051;4331;2647;2200;3597;4101;2562;4642;3208;2447;4512;4982;4462;4537;4676;9277;4593;7526;4997;3971;4462;5580;5347;5231;3036;3829;3612;4777;3735;2957;3250;2284;2188;4518;6129;6019;4348;8496;8622;8532;8678;7966;4158;4571;8288;3787;4723;2805;7488;4040;10115;9402;4020;9827;9706;2287;8774;2287;2391;9258;2422;7348;7076;6796;6640;5731;2546;2900;4203;3692;4254;8992;2708;2757;1913;2934;3744;6984;5341;5373;
1165;905;2678;2391;1920;2100;1547;2957;2552;2231;2438;1485;1672;1069;1888;928;2391;3009;2645;2091;2498;2422;2479;2345;2909;1985;1815;3155;3381;1249;1834;3728;3051;1182;0;418;418;1755;1434;656;836;1453;935;1160;1560;3706;3036;3016;3235;1560;1037;2438;3011;1467;3460;2025;1276;3603;4391;3826;3815;3999;9941;3668;6381;3840;3776;4569;5889;5501;5210;2900;3815;3686;5259;4190;3185;3876;2793;2831;5311;7067;7007;5115;8442;8581;8525;8700;6976;3489;3792;7311;3642;3829;3123;7680;5009;11073;8372;3088;10953;10783;1611;8144;1740;1985;8793;2138;7453;6961;5920;5655;4681;1975;1902;3573;4476;3191;9442;1874;1577;3095;3668;2567;6081;6225;5453;
1037;1037;2593;2100;2167;1859;1453;2678;2345;2228;2252;1094;1724;676;1624;778;2055;2650;2345;1774;2167;2116;2207;2088;2593;1624;1401;2909;3071;844;1415;3413;2757;935;418;0;164;1467;1194;705;418;1312;676;1560;1968;4114;3413;3427;3633;1712;1296;2678;3411;1874;3757;2331;1640;3623;4255;3706;3735;3899;9527;3699;6595;4073;3497;4222;5510;5148;4895;2593;3489;3339;4856;3787;2805;3460;2380;2413;4894;6656;6602;4697;8144;8280;8216;8384;7056;3381;3740;7382;3938;4247;3280;7326;4924;11002;8480;3121;10587;10396;1995;8037;1547;1743;9172;1859;7116;6676;6338;6069;4802;1800;1975;3448;4058;3597;9048;1834;1870;2824;3684;2843;6105;5810;5702;
883;883;2438;2002;2025;1740;1296;2575;2216;2065;2116;1069;1560;656;1512;624;1982;2593;2252;1688;2091;2025;2100;1975;2730;1743;1467;3062;3208;935;1453;3548;2900;1094;418;164;0;1615;1352;844;478;1476;836;1577;1975;4051;3321;3371;3558;1556;1165;2533;3339;1815;3625;2207;1547;3460;4111;3558;3581;3748;9537;3535;6442;3925;3395;4158;5471;5088;4812;2504;3411;3274;4845;3776;2767;3480;2391;2447;4935;6720;6677;4734;8053;8190;8130;8301;6892;3231;3582;7218;4026;4222;3413;7267;5088;11166;8317;2957;10694;10489;2029;7888;1411;1624;9210;1755;7046;6579;6311;6018;4640;1660;1811;3301;4101;3533;9024;1672;1743;2973;3842;2708;5942;5865;5810;
2320;2498;3776;2803;3633;2767;2717;3339;3283;3550;3250;1611;3123;1476;2509;2091;2567;2920;2973;2438;2678;2757;2957;2906;1160;518;1050;1453;1628;905;1296;1975;1296;580;1755;1467;1615;0;366;1296;1254;656;820;2533;2934;5323;4757;4618;4906;3168;2757;4145;4676;3140;5209;3776;3024;4932;5252;4761;4873;4989;8896;5020;8057;5540;4079;4409;5402;5252;5225;3155;3856;3603;4524;3522;2900;2957;2116;1944;4104;5631;5499;3950;8468;8587;8480;8612;8406;4477;4932;8719;4086;5255;2934;7348;3701;9746;9860;4456;9252;9146;2803;9027;2629;2670;9625;2647;7251;7091;7316;7190;6210;2881;3381;4504;3297;4824;8715;3134;3321;1357;2805;4304;7382;4873;5540;
2132;2231;3642;2788;3339;2698;2544;3347;3216;3364;3166;1577;2900;1352;2438;1888;2593;3016;2982;2422;2708;2757;2934;2864;1512;820;1182;1724;1972;844;1396;2320;1628;259;1434;1194;1352;366;0;935;1069;366;518;2167;2567;4959;4408;4254;4547;2906;2457;3856;4317;2786;4895;3460;2690;4757;5187;4676;4761;4894;9210;4840;7785;5255;4119;4547;5612;5416;5337;3185;3945;3713;4772;3748;3036;3223;2311;2179;4429;5988;5862;4268;8596;8719;8622;8762;8217;4377;4802;8536;3799;4889;2730;7540;3805;9877;9655;4268;9613;9512;2438;8977;2509;2593;9312;2606;7418;7192;6952;6823;5987;2767;3155;4417;3612;4462;8980;2952;3011;1660;2757;3999;7225;5220;5322;
1724;1560;3274;2786;2546;2562;2132;3365;3051;2864;2957;1688;2320;1296;2322;1467;2708;3266;3024;2447;2822;2793;2900;2786;2447;1660;1724;2593;2902;1160;1834;3250;2552;733;656;705;844;1296;935;0;956;844;580;1249;1660;4026;3481;3321;3612;2216;1672;3064;3381;1856;4035;2606;1800;4247;4955;4401;4417;4588;9925;4315;7008;4462;4182;4844;6069;5759;5551;3266;4140;3967;5341;4279;3381;3862;2831;2793;5199;6850;6748;5020;8810;8944;8872;9033;7632;4073;4409;7966;3301;3994;2575;7928;4354;10417;9028;3735;10548;10438;1577;8731;2252;2447;8657;2552;7744;7352;6073;5906;5337;2504;2554;4145;4366;3528;9555;2490;2179;2562;3024;3168;6728;6049;5021;
1069;1296;2575;1859;2460;1688;1476;2438;2200;2302;2132;733;1870;348;1434;836;1755;2311;2088;1508;1870;1856;1985;1888;2311;1296;991;2705;2788;464;997;3123;2498;836;836;418;478;1254;1069;956;0;1296;624;1968;2380;4524;3799;3840;4035;1944;1624;2957;3815;2284;4074;2668;2025;3692;4158;3631;3701;3842;9113;3776;6829;4334;3248;3889;5138;4806;4596;2322;3185;3011;4456;3387;2438;3044;1968;1995;4476;6246;6200;4279;7858;7990;7916;8077;7159;3323;3735;7475;4255;4666;3481;6979;4873;10946;8607;3208;10224;10012;2391;7950;1453;1577;9555;1640;6788;6406;6756;6484;4955;1712;2129;3371;3640;4006;8657;1888;2204;2593;3748;3151;6156;5396;5971;
2320;2320;3861;3095;3371;2973;2737;3662;3489;3535;3427;1888;3036;1615;2715;2065;2920;3365;3299;2730;3036;3071;3235;3155;1688;1160;1547;1755;2116;1165;1755;2460;1755;478;1453;1312;1476;656;366;844;1296;0;676;1985;2365;4791;4306;4086;4409;2993;2490;3890;4177;2678;4878;3448;2645;4932;5453;4928;4993;5138;9550;5009;7834;5291;4445;4906;5979;5779;5688;3510;4292;4066;5136;4114;3395;3582;2678;2544;4760;6273;6129;4605;8950;9074;8980;9122;8368;4619;5018;8694;3443;4658;2365;7905;3612;9691;9788;4432;9783;9722;2200;9245;2749;2864;8971;2900;7781;7540;6701;6613;6105;3009;3285;4668;3950;4306;9341;3134;3016;1740;2457;4006;7411;5525;4955;
1648;1712;3185;2460;2824;2311;2065;3036;2824;2872;2757;1276;2391;956;2055;1396;2320;2822;2678;2100;2436;2447;2593;2504;1975;1100;1160;2240;2447;624;1296;2793;2116;259;935;676;836;820;518;580;624;676;0;1815;2231;4558;3950;3856;4119;2388;1944;3339;3890;2345;4391;2957;2207;4268;4782;4254;4317;4462;9352;4348;7267;4738;3835;4391;5559;5290;5136;2902;3728;3528;4795;3740;2900;3297;2287;2228;4619;6277;6184;4441;8403;8532;8448;8601;7717;3944;4343;8040;3792;4565;2902;7446;4277;10355;9149;3773;10043;9903;2157;8575;2075;2200;9210;2252;7286;6968;6647;6462;5475;2334;2645;3994;3787;4051;9012;2466;2504;2167;3123;3489;6743;5471;5437;
2167;1628;3481;3489;2029;3155;2460;4035;3548;2920;3413;2645;2331;2228;2973;1982;3528;4158;3748;3216;3631;3533;3558;3411;3662;2909;2900;3712;4101;2320;2957;4445;3740;1982;1160;1560;1577;2533;2167;1249;1968;1985;1815;0;418;2805;2391;2100;2438;2025;1411;2482;2207;836;3185;1888;1094;4145;5225;4645;4561;4778;11080;4182;6287;3776;4844;5706;7046;6640;6313;4006;4935;4824;6416;5347;4343;5009;3937;3950;6405;8093;7997;6217;9512;9655;9611;9794;7271;4298;4482;7625;2670;2749;2575;8819;5036;10961;8569;3633;11766;11679;478;8872;2757;3044;7640;3231;8575;8018;4834;4658;4922;2957;2479;4409;5569;2322;10602;2668;1611;3719;3480;2460;6538;7281;4561;
2498;1913;3719;3840;2091;3489;2757;4372;3856;3132;3713;3044;2554;2629;3321;2334;3899;4537;4099;3582;3999;3890;3899;3748;4051;3321;3317;4066;4482;2737;3371;4824;4119;2391;1560;1968;1975;2934;2567;1660;2380;2365;2231;418;0;2438;2132;1740;2116;2207;1628;2490;1888;778;3044;1870;1182;4277;5453;4873;4761;4989;11493;4304;6165;3699;5173;6073;7432;7008;6656;4358;5291;5194;6820;5751;4733;5423;4348;4366;6823;8509;8409;6635;9833;9978;9941;10128;7281;4525;4663;7640;2479;2334;2624;9184;5241;11089;8537;3776;12149;12077;328;9039;3082;3381;7267;3581;8928;8333;4417;4255;4935;3266;2670;4645;5987;1975;10997;2920;1688;4086;3640;2413;6613;7698;4391;
4153;3506;4666;5423;2717;5009;4190;5824;5173;4060;5009;5036;3692;4668;4946;4119;5616;6268;5665;5290;5688;5510;5416;5252;6464;5656;5514;6505;6906;4955;5501;7251;6546;4756;3706;4114;4051;5323;4959;4026;4524;4791;4558;2805;2438;0;1037;705;580;3280;3088;2647;742;2240;2091;2302;2546;4549;6124;5602;5347;5606;13457;4512;4721;2900;6505;7628;9108;8536;8007;5908;6808;6812;8700;7659;6542;7481;6388;6484;8974;10770;10713;8768;10906;11064;11080;11300;6506;5295;5148;6870;3713;991;4631;10634;7488;13050;7453;4204;14569;14460;2670;9108;4605;4932;6350;5183;10277;9410;2509;1995;4408;4676;3623;5453;8144;518;12716;4104;2629;6521;5833;2334;6264;9917;5362;
3268;2650;3642;4477;1724;4060;3250;4845;4184;3044;4020;4222;2717;3889;4021;3274;4697;5341;4710;4377;4761;4571;4456;4293;5917;5021;4782;6059;6380;4254;4733;6728;6033;4177;3036;3413;3321;4757;4408;3481;3799;4306;3950;2391;2132;1037;0;844;478;2320;2240;1611;478;1628;1211;1322;1774;3522;5088;4565;4310;4569;12547;3489;4203;2025;5501;6648;8140;7546;6995;4946;5828;5851;7785;6763;5631;6643;5559;5688;8164;10014;9990;7950;9870;10028;10046;10267;5722;4258;4114;6089;4060;1859;4666;9625;7373;13161;6796;3168;13989;13809;2438;8140;3668;3991;7348;4247;9258;8375;3541;2952;3510;3713;2624;4417;7345;696;11743;3121;1712;6042;5759;1296;5356;9137;5870;
3535;2881;4203;4840;2231;4432;3612;5272;4640;3582;4477;4377;3155;3999;4348;3480;5009;5665;5088;4681;5088;4921;4845;4681;5759;4955;4829;5804;6201;4265;4824;6546;5841;4051;3016;3427;3371;4618;4254;3321;3840;4086;3856;2100;1740;705;844;0;492;2737;2466;2279;366;1556;2055;1815;1902;4254;5759;5213;4989;5245;12829;4233;4989;2869;5987;7071;8532;7990;7497;5337;6253;6236;8080;7030;5926;6824;5729;5813;8304;10083;10019;8100;10479;10634;10637;10850;6567;4889;4812;6933;3285;1100;4046;10115;6859;12517;7626;3856;13864;13757;1985;8938;4020;4348;6613;4593;9780;8974;3036;2647;4348;4114;3123;5041;7471;259;12140;3573;2065;5818;5213;2002;6187;9236;5053;
3603;2964;4086;4856;2138;4441;3623;5249;4596;3480;4432;4513;3116;4158;4385;3582;5057;5707;5096;4733;5127;4946;4845;4681;6059;5209;5025;6149;6512;4477;4997;6859;6157;4331;3235;3633;3558;4906;4547;3612;4035;4409;4119;2438;2116;580;478;492;0;2708;2546;2075;232;1774;1640;1724;2025;3999;5559;5032;4782;5041;12905;3967;4504;2460;5926;7054;8536;7960;7427;5337;6233;6242;8144;7110;5987;6953;5862;5971;8458;10277;10234;8249;10331;10489;10504;10722;6134;4721;4588;6501;3776;1392;4518;10055;7304;12998;7162;3640;14158;14016;2391;8612;4040;4366;6870;4619;9697;8834;3088;2554;3959;4104;3044;4878;7632;259;12144;3528;2065;6149;5666;1766;5810;9413;5534;
1050;676;1547;2157;624;1740;935;2544;1902;935;1740;2091;418;1870;1712;1165;2388;3024;2391;2075;2447;2252;2138;1975;4255;3235;2793;4618;4733;2391;2668;5066;4439;2647;1560;1712;1556;3168;2906;2216;1944;2993;2388;2025;2207;3280;2320;2737;2708;0;624;1044;2544;1525;2216;997;1050;2132;3256;2678;2554;2784;10231;2179;4889;2391;3250;4348;5828;5259;4761;2629;3528;3535;5471;4462;3323;4401;3347;3528;5944;7851;7876;5722;7798;7950;7939;8144;5423;2331;2460;5762;4676;3799;4513;7377;6570;12631;6812;1615;12064;11773;2460;6847;1352;1672;9219;1930;7046;6290;5762;5259;3121;1396;464;2460;5148;2793;9436;836;676;4524;5199;1296;4575;6949;6579;
1069;418;2091;2391;883;1995;1194;2864;2284;1512;2132;1982;928;1660;1888;1037;2544;3200;2645;2216;2624;2466;2413;2252;3890;2909;2575;4182;4368;2088;2504;4710;4051;2200;1037;1296;1165;2757;2457;1672;1624;2490;1944;1411;1628;3088;2240;2466;2546;624;0;1401;2348;1037;2460;1044;580;2757;3828;3248;3151;3371;10370;2803;5343;2803;3631;4640;6078;5569;5138;2900;3829;3787;5616;4571;3460;4409;3321;3448;5925;7778;7765;5712;8255;8404;8379;8575;6015;2900;3071;6358;4074;3460;3890;7722;6015;12060;7382;2240;11846;11615;1859;7461;1577;1902;8774;2138;7424;6749;5496;5084;3692;1712;1069;3018;5105;2575;9684;1296;580;4111;4605;1547;5194;6897;5971;
2091;1660;2052;3062;518;2650;1913;3345;2670;1485;2509;3134;1322;2909;2678;2207;3339;3945;3268;3044;3381;3168;3009;2853;5261;4254;3835;5580;5739;3413;3712;6077;5433;3597;2438;2678;2533;4145;3856;3064;2957;3890;3339;2482;2490;2647;1611;2279;2075;1044;1401;0;1982;1712;1182;624;1396;1985;3489;2957;2715;2973;11122;1975;3944;1401;3940;5127;6635;6001;5416;3481;4315;4377;6381;5407;4265;5402;4368;4561;6949;8872;8907;6724;8258;8416;8435;8656;4795;2647;2533;5152;4915;3377;5057;8045;7377;13390;6089;1577;13108;12812;2805;6731;2311;2606;8891;2864;7663;6763;5152;4529;2447;2284;1142;2805;6165;2240;10218;1660;905;5502;5908;328;4145;7964;6823;
3411;2767;3959;4681;1995;4268;3448;5088;4441;3345;4277;4306;2957;3945;4203;3381;4873;5525;4924;4547;4946;4768;4676;4512;5828;4982;4806;5917;6281;4255;4782;6628;5926;4101;3011;3411;3339;4676;4317;3381;3815;4177;3890;2207;1888;742;478;366;232;2544;2348;1982;0;1547;1688;1577;1815;3938;5471;4935;4697;4955;12716;3913;4640;2504;5779;6892;8368;7803;7284;5168;6072;6072;7957;6918;5800;6748;5656;5760;8249;10060;10014;8040;10221;10378;10388;10604;6200;4618;4512;6567;3623;1411;4317;9909;7087;12804;7262;3558;13928;13789;2167;8596;3862;4190;6921;4441;9560;8720;3225;2737;3986;3937;2900;4772;7421;259;11976;3371;1888;5917;5453;1688;5828;9199;5411;
2065;1415;3071;3411;1322;3024;2231;3899;3321;2460;3168;2831;1913;2447;2900;1968;3535;4190;3668;3208;3623;3480;3443;3283;4298;3435;3274;4432;4757;2715;3268;5105;4408;2562;1467;1874;1815;3140;2786;1856;2284;2678;2345;836;778;2240;1628;1556;1774;1525;1037;1712;1547;0;2348;1094;478;3528;4778;4201;4061;4298;11304;3548;5453;2952;4668;5663;7084;6595;6175;3925;4858;4802;6570;5510;4429;5276;4182;4258;6748;8530;8474;6546;9286;9436;9413;9611;6505;3856;3945;6863;3235;2460;3371;8754;5870;11793;7772;3036;12388;12242;1094;8301;2606;2927;7738;3155;8461;7779;4529;4203;4158;2749;1985;3986;5916;1724;10683;2311;935;4414;4315;1648;5838;7680;5148;
3266;2786;3088;4222;1624;3815;3095;4462;3787;2593;3631;4306;2504;4060;3856;3365;4512;5105;4417;4222;4549;4331;4158;4006;6350;5367;4988;6613;6827;4537;4877;7170;6506;4642;3460;3757;3625;5209;4895;4035;4074;4878;4391;3185;3044;2091;1211;2055;1640;2216;2460;1182;1688;2348;0;1434;2240;2606;4247;3787;3480;3735;12248;2546;3121;820;4989;6210;7722;7053;6416;4618;5411;5499;7526;6571;5430;6583;5551;5741;8130;10055;10089;7905;9075;9237;9280;9512;4512;3528;3250;4878;5213;3024;5665;9028;8216;14131;5611;2380;14269;13989;3371;7021;3489;3778;8432;4035;8612;7610;4439;3684;2322;3448;2311;3692;7348;1888;11275;2824;1888;6555;6661;928;4177;9147;7056;
1982;1411;2388;3155;418;2737;1930;3528;2872;1770;2708;2982;1396;2690;2705;2025;3381;4021;3387;3064;3443;3250;3134;2971;4921;3950;3612;5178;5397;3132;3528;5741;5073;3208;2025;2331;2207;3776;3460;2606;2668;3448;2957;1888;1870;2302;1322;1815;1724;997;1044;624;1577;1094;1434;0;836;2552;3967;3411;3208;3460;11228;2554;4439;1902;4203;5332;6820;6236;5707;3623;4512;4529;6467;5453;4317;5363;4292;4445;6897;8780;8782;6679;8663;8819;8822;9036;5411;3082;3051;5769;4292;2909;4456;8333;6852;12833;6684;2100;12889;12648;2188;7322;2348;2670;8400;2927;7982;7159;4802;4268;3064;2391;1322;3231;6089;1834;10425;1804;464;5121;5347;580;4768;7888;6200;
1640;984;2593;2971;935;2575;1770;3443;2853;1985;2698;2490;1434;2132;2466;1577;3116;3773;3225;2788;3200;3044;2993;2831;4182;3256;3011;4391;4653;2479;2973;5000;4317;2447;1276;1640;1547;3024;2690;1800;2025;2645;2207;1094;1182;2546;1774;1902;2025;1050;580;1396;1815;478;2240;836;0;3095;4306;3728;3596;3829;10927;3123;5276;2737;4203;5220;6656;6149;5712;3480;4409;4366;6178;5127;4026;4935;3842;3945;6433;8255;8222;6225;8811;8961;8941;9139;6177;3381;3487;6531;3662;2881;3668;8301;6016;12003;7486;2593;12224;12035;1467;7858;2157;2482;8209;2717;7999;7304;4924;4537;3829;2287;1512;3510;5606;2029;10261;1834;518;4348;4518;1415;5453;7388;5574;
2624;2705;1249;2645;2216;2391;2216;2554;2025;1396;1944;3443;1930;3460;2593;2872;3011;3381;2708;2864;2982;2757;2504;2422;5855;4827;4217;6358;6307;4040;3999;6604;6081;4512;3603;3623;3460;4932;4757;4247;3692;4932;4268;4145;4277;4549;3522;4254;3999;2132;2757;1985;3938;3528;2606;2552;3095;0;1648;1254;905;1148;10060;116;3713;2052;2757;3999;5471;4723;3999;2793;3299;3497;5530;4757;3728;5021;4222;4512;6500;8471;8612;6268;6473;6635;6684;6921;3480;1100;656;3787;6756;5347;6643;6542;8544;14623;4955;518;13026;12554;4558;4778;2348;2438;10860;2606;6089;5020;7008;6287;1512;2129;1712;1249;5841;4192;8892;1804;2593;6217;7271;2252;2482;7543;8669;
3235;3612;1743;2482;3573;2490;2843;2052;1972;2322;2025;3640;2900;3840;2749;3489;2793;2831;2380;2831;2708;2554;2320;2348;5926;4989;4315;6542;6320;4360;4060;6561;6178;4982;4391;4255;4111;5252;5187;4955;4158;5453;4782;5225;5453;6124;5088;5759;5559;3256;3828;3489;5471;4778;4247;3967;4306;1648;0;580;778;518;8668;1724;4955;3692;1724;2786;4119;3321;2533;2302;2311;2606;4421;3889;3123;4358;3876;4203;5656;7575;7793;5433;4827;4989;5036;5272;3913;928;997;4111;7895;6859;7512;4955;8952;14968;5402;1920;12269;11672;5685;3792;2715;2593;12366;2606;4477;3371;8612;7918;2803;2457;2793;820;5148;5729;7366;2562;3871;6358;7905;3792;2645;6668;9777;
2678;3036;1165;2052;3011;1995;2279;1712;1485;1743;1512;3155;2320;3323;2252;2934;2391;2544;1995;2380;2320;2138;1888;1888;5496;4529;3862;6089;5908;3861;3612;6165;5744;4462;3826;3706;3558;4761;4676;4401;3631;4928;4254;4645;4873;5602;4565;5213;5032;2678;3248;2957;4935;4201;3787;3411;3728;1254;580;0;366;259;8841;1352;4824;3297;1624;2822;4255;3489;2749;1972;2207;2460;4414;3757;2864;4145;3541;3861;5530;7481;7667;5301;5311;5471;5502;5731;4073;348;624;4310;7316;6313;6949;5290;8461;14500;5580;1415;12129;11582;5105;4331;2179;2091;11812;2138;4845;3829;8100;7432;2617;1920;2216;259;4955;5194;7640;1985;3299;5914;7373;3268;2853;6561;9199;
2698;2982;1142;2252;2822;2132;2284;1982;1648;1640;1640;3285;2231;3411;2380;2957;2606;2824;2231;2554;2546;2348;2091;2065;5665;4676;4020;6236;6089;3967;3776;6358;5908;4537;3815;3735;3581;4873;4761;4417;3701;4993;4317;4561;4761;5347;4310;4989;4782;2554;3151;2715;4697;4061;3480;3208;3596;905;778;366;0;259;9207;997;4462;2957;1975;3185;4622;3856;3112;2240;2552;2793;4768;4086;3155;4445;3787;4101;5856;7814;7990;5626;5598;5759;5800;6033;3792;418;259;4046;7225;6089;6933;5637;8562;14620;5300;1142;12444;11913;5009;4334;2252;2216;11600;2302;5183;4130;7834;7144;2252;1995;2091;478;5261;4955;7999;1944;3140;6069;7418;3016;2606;6892;9122;
2864;3185;1322;2302;3071;2228;2457;1972;1724;1859;1740;3387;2447;3541;2482;3123;2645;2803;2252;2624;2575;2391;2138;2132;5741;4768;4104;6329;6156;4086;3856;6416;5988;4676;3999;3899;3748;4989;4894;4588;3842;5138;4462;4778;4989;5606;4569;5245;5041;2784;3371;2973;4955;4298;3735;3460;3829;1148;518;259;259;0;9024;1233;4618;3200;1859;3036;4445;3668;2909;2231;2447;2708;4641;4004;3123;4401;3799;4119;5779;7726;7916;5551;5341;5502;5544;5779;3815;518;492;4051;7446;6346;7122;5407;8686;14732;5322;1401;12381;11828;5231;4145;2388;2320;11855;2380;4946;3876;8093;7402;2422;2129;2320;492;5210;5213;7785;2138;3381;6156;7575;3274;2593;6808;9338;
9304;9953;9182;8078;10845;8496;9298;7785;8461;9655;8619;8480;9849;8882;8525;9350;7850;7206;7858;8172;7785;7980;8116;8275;8204;8392;8202;8733;8057;8776;8124;7888;8336;9277;9941;9527;9537;8896;9210;9925;9113;9550;9352;11080;11493;13457;12547;12829;12905;10231;10370;11122;12716;11304;12248;11228;10927;10060;8668;8841;9207;9024;0;10169;13623;11990;7326;6077;4588;5356;6134;7640;6847;6748;4761;5800;6918;6072;7147;7136;4802;3938;4368;4946;5800;5722;5466;5282;12272;8961;9465;12350;12971;13753;11679;4190;10644;14504;13603;10023;6566;5407;11484;9928;8879;8558;18521;8301;4768;6152;15833;15453;11445;8853;9986;8811;5599;12946;1972;9469;10843;8534;11007;11439;11024;4254;14226;
